%YAML:1.0
homography: !!opencv-matrix
   rows: 3
   cols: 3
   dt: d
   data: [ 2.5362343308033357e+00, 1.5464843480507163e-02,
       -5.6327599409054778e+02, -4.0451189746323446e-01,
       3.0916266448975764e+00, -4.6400404009729101e+02,
       -6.1462760201023872e-04, 5.6083549825648282e-04, 1. ]
